-15.0 2.0 -15.0
-14.85 1.99 -15.049999999999999
-14.7 1.98 -15.1
-14.549999999999999 1.97 -15.149999999999999
-14.399999999999999 1.96 -15.2
-14.25 1.95 -15.25
-14.1 1.94 -15.299999999999999
-13.95 1.93 -15.35
-13.8 1.9200000000000002 -15.4
-13.65 1.9100000000000001 -15.45
-13.5 1.9000000000000001 -15.5
-13.35 1.8900000000000001 -15.55
-13.2 1.88 -15.6
-13.05 1.87 -15.65
-12.9 1.8599999999999999 -15.700000000000001
-12.75 1.8499999999999999 -15.75
-12.6 1.8399999999999999 -15.8
-12.45 1.8299999999999998 -15.85
-12.3 1.82 -15.9
-12.15 1.81 -15.95
-12.0 1.8 -16.0
-11.850000000000001 1.79 -16.05
-11.700000000000001 1.78 -16.1
-11.55 1.77 -16.150000000000002
-11.4 1.76 -16.2
-11.25 1.75 -16.25
-11.1 1.74 -16.3
-10.95 1.73 -16.35
-10.799999999999999 1.72 -16.4
-10.649999999999999 1.71 -16.45
-10.5 1.7 -16.5
-10.35 1.69 -16.55
-10.2 1.68 -16.6
-10.049999999999999 1.67 -16.65
-9.899999999999999 1.66 -16.7
-9.75 1.65 -16.75
-9.6 1.6400000000000001 -16.799999999999997
-9.45 1.63 -16.85
-9.3 1.62 -16.9
-9.15 1.6099999999999999 -16.950000000000003
-9.0 1.6 -17.0
-8.850000000000001 1.59 -17.05
-8.700000000000001 1.58 -17.1
-8.55 1.57 -17.15
-8.4 1.56 -17.200000000000003
-8.25 1.55 -17.25
-8.100000000000001 1.54 -17.300000000000004
-7.95 1.53 -17.349999999999998
-7.800000000000001 1.52 -17.4
-7.65 1.51 -17.450000000000003
-7.5 1.5 -17.5
-7.35 1.49 -17.549999999999997
-7.199999999999999 1.48 -17.6
-7.05 1.47 -17.650000000000002
-6.8999999999999995 1.46 -17.7
-6.749999999999999 1.45 -17.75
-6.6 1.44 -17.8
-6.450000000000001 1.4300000000000002 -17.85
-6.300000000000001 1.42 -17.9
-6.15 1.4100000000000001 -17.95
-6.0 1.4 -18.0
-5.8500000000000005 1.3900000000000001 -18.05
-5.7 1.38 -18.1
-5.55 1.37 -18.15
-5.3999999999999995 1.3599999999999999 -18.2
-5.25 1.35 -18.25
-5.1 1.3399999999999999 -18.3
-4.949999999999999 1.33 -18.35
-4.799999999999999 1.3199999999999998 -18.4
-4.65 1.31 -18.45
-4.500000000000001 1.3 -18.5
-4.3500000000000005 1.29 -18.55
-4.2 1.28 -18.599999999999998
-4.050000000000001 1.27 -18.65
-3.9000000000000004 1.26 -18.700000000000003
-3.75 1.25 -18.75
-3.5999999999999996 1.24 -18.799999999999997
-3.4499999999999997 1.23 -18.85
-3.3 1.22 -18.900000000000002
-3.1499999999999995 1.21 -18.95
-2.999999999999999 1.2 -19.0
-2.849999999999999 1.19 -19.05
-2.7000000000000006 1.1800000000000002 -19.099999999999998
-2.5500000000000007 1.17 -19.15
-2.4000000000000004 1.1600000000000001 -19.200000000000003
-2.2500000000000004 1.15 -19.25
-2.1 1.1400000000000001 -19.3
-1.9500000000000002 1.13 -19.349999999999998
-1.7999999999999998 1.12 -19.400000000000002
-1.65 1.1099999999999999 -19.45
-1.4999999999999996 1.1 -19.5
-1.3499999999999996 1.0899999999999999 -19.549999999999997
-1.1999999999999993 1.08 -19.6
-1.0499999999999994 1.0699999999999998 -19.650000000000002
-0.9000000000000008 1.06 -19.7
-0.7500000000000007 1.05 -19.75
-0.6000000000000005 1.04 -19.8
-0.4500000000000004 1.03 -19.849999999999998
-0.30000000000000027 1.02 -19.900000000000002
-0.15000000000000013 1.01 -19.95
0.0 1.0 -20.0
0.0 1.0 -20.0
0.15 1.02 -19.95
0.3 1.04 -19.900000000000002
0.44999999999999996 1.06 -19.849999999999998
0.6 1.08 -19.8
0.75 1.1 -19.75
0.8999999999999999 1.1199999999999999 -19.699999999999996
1.05 1.14 -19.65
1.2 1.1600000000000001 -19.6
1.3499999999999999 1.1800000000000002 -19.55
1.5 1.2000000000000002 -19.5
1.65 1.22 -19.45
1.7999999999999998 1.24 -19.400000000000002
1.9500000000000002 1.26 -19.349999999999998
2.1 1.28 -19.3
2.25 1.2999999999999998 -19.25
2.4 1.3199999999999998 -19.2
2.5500000000000003 1.3399999999999999 -19.15
2.6999999999999997 1.36 -19.1
2.85 1.3800000000000001 -19.050000000000004
3.0 1.4000000000000001 -19.0
3.15 1.42 -18.95
3.3 1.44 -18.900000000000002
3.45 1.46 -18.85
3.5999999999999996 1.48 -18.799999999999997
3.75 1.5 -18.75
3.9000000000000004 1.52 -18.700000000000003
4.050000000000001 1.54 -18.65
4.2 1.56 -18.599999999999998
4.35 1.5799999999999998 -18.549999999999997
4.5 1.5999999999999999 -18.5
4.65 1.6199999999999999 -18.45
4.8 1.64 -18.4
4.95 1.66 -18.349999999999998
5.1000000000000005 1.68 -18.3
5.25 1.6999999999999997 -18.25
5.3999999999999995 1.7200000000000002 -18.2
5.55 1.7399999999999998 -18.15
5.7 1.7600000000000002 -18.1
5.8500000000000005 1.7799999999999998 -18.05
6.0 1.8000000000000003 -18.0
6.1499999999999995 1.82 -17.95
6.3 1.84 -17.900000000000002
6.45 1.86 -17.85
6.6 1.8800000000000001 -17.8
6.75 1.9000000000000001 -17.75
6.9 1.9200000000000002 -17.700000000000003
7.05 1.94 -17.650000000000002
7.199999999999999 1.96 -17.6
7.35 1.98 -17.549999999999997
7.5 2.0 -17.5
7.65 2.02 -17.450000000000003
7.800000000000001 2.04 -17.4
7.95 2.06 -17.349999999999998
8.100000000000001 2.08 -17.3
8.25 2.1 -17.25
8.4 2.12 -17.2
8.549999999999999 2.14 -17.15
8.7 2.1599999999999997 -17.1
8.85 2.18 -17.05
9.0 2.1999999999999997 -17.0
9.15 2.22 -16.950000000000003
9.3 2.2399999999999998 -16.9
9.45 2.2600000000000002 -16.85
9.6 2.28 -16.799999999999997
9.75 2.3000000000000003 -16.75
9.9 2.32 -16.7
10.05 2.3400000000000003 -16.65
10.200000000000001 2.36 -16.6
10.35 2.38 -16.55
10.5 2.3999999999999995 -16.5
10.649999999999999 2.42 -16.45
10.799999999999999 2.4400000000000004 -16.4
10.95 2.46 -16.35
11.1 2.4799999999999995 -16.3
11.25 2.5 -16.25
11.4 2.5200000000000005 -16.2
11.55 2.54 -16.15
11.700000000000001 2.5599999999999996 -16.1
11.850000000000001 2.58 -16.05
12.0 2.6000000000000005 -16.0
12.15 2.62 -15.95
12.299999999999999 2.64 -15.9
12.45 2.6599999999999997 -15.85
12.6 2.68 -15.8
12.75 2.6999999999999997 -15.75
12.9 2.72 -15.700000000000001
13.05 2.7399999999999998 -15.65
13.2 2.7600000000000002 -15.6
13.35 2.78 -15.549999999999999
13.5 2.8000000000000003 -15.5
13.65 2.82 -15.45
13.8 2.8400000000000003 -15.4
13.950000000000001 2.86 -15.35
14.1 2.88 -15.3
14.25 2.8999999999999995 -15.25
14.399999999999999 2.92 -15.2
14.549999999999999 2.9400000000000004 -15.149999999999999
14.7 2.96 -15.1
14.85 2.9799999999999995 -15.05
15.0 3.0 -15.0
15.0 3.0 -15.0
15.049999999999999 2.9799999999999995 -14.85
15.1 2.96 -14.7
15.149999999999999 2.94 -14.549999999999999
15.2 2.92 -14.399999999999999
15.25 2.8999999999999995 -14.25
15.299999999999999 2.88 -14.1
15.35 2.86 -13.95
15.4 2.8400000000000003 -13.8
15.45 2.82 -13.65
15.5 2.8000000000000003 -13.5
15.55 2.78 -13.35
15.6 2.7600000000000002 -13.2
15.65 2.7399999999999998 -13.05
15.700000000000001 2.72 -12.9
15.75 2.6999999999999997 -12.75
15.8 2.68 -12.6
15.85 2.6599999999999997 -12.45
15.9 2.64 -12.3
15.95 2.62 -12.15
16.0 2.6000000000000005 -12.0
16.05 2.58 -11.850000000000001
16.1 2.56 -11.700000000000001
16.150000000000002 2.54 -11.55
16.2 2.5200000000000005 -11.4
16.25 2.5 -11.25
16.3 2.4799999999999995 -11.1
16.35 2.46 -10.95
16.4 2.4400000000000004 -10.799999999999999
16.45 2.42 -10.649999999999999
16.5 2.3999999999999995 -10.5
16.55 2.38 -10.35
16.6 2.36 -10.2
16.65 2.34 -10.049999999999999
16.7 2.32 -9.899999999999999
16.75 2.3000000000000003 -9.75
16.799999999999997 2.28 -9.6
16.85 2.2600000000000002 -9.45
16.9 2.2399999999999998 -9.3
16.950000000000003 2.22 -9.15
17.0 2.1999999999999997 -9.0
17.05 2.18 -8.850000000000001
17.1 2.16 -8.700000000000001
17.15 2.14 -8.55
17.200000000000003 2.12 -8.4
17.25 2.1 -8.25
17.300000000000004 2.08 -8.100000000000001
17.349999999999998 2.06 -7.95
17.4 2.04 -7.800000000000001
17.450000000000003 2.02 -7.65
17.5 2.0 -7.5
17.549999999999997 1.98 -7.35
17.6 1.96 -7.199999999999999
17.650000000000002 1.94 -7.05
17.7 1.92 -6.8999999999999995
17.75 1.9 -6.749999999999999
17.8 1.88 -6.6
17.85 1.8599999999999999 -6.450000000000001
17.9 1.8400000000000003 -6.300000000000001
17.95 1.8199999999999998 -6.15
18.0 1.8000000000000003 -6.0
18.05 1.7799999999999998 -5.8500000000000005
18.1 1.7600000000000002 -5.7
18.15 1.7399999999999998 -5.55
18.2 1.7200000000000002 -5.3999999999999995
18.25 1.6999999999999997 -5.25
18.3 1.6800000000000002 -5.1
18.35 1.66 -4.949999999999999
18.4 1.64 -4.799999999999999
18.45 1.62 -4.65
18.5 1.6 -4.500000000000001
18.55 1.58 -4.3500000000000005
18.599999999999998 1.56 -4.2
18.65 1.54 -4.050000000000001
18.700000000000003 1.52 -3.9000000000000004
18.75 1.5 -3.75
18.799999999999997 1.48 -3.5999999999999996
18.85 1.46 -3.4499999999999997
18.900000000000002 1.44 -3.3
18.95 1.42 -3.1499999999999995
19.0 1.4 -2.999999999999999
19.05 1.38 -2.849999999999999
19.099999999999998 1.36 -2.7000000000000006
19.15 1.34 -2.5500000000000007
19.200000000000003 1.32 -2.4000000000000004
19.25 1.3 -2.2500000000000004
19.3 1.28 -2.1
19.349999999999998 1.26 -1.9500000000000002
19.400000000000002 1.24 -1.7999999999999998
19.45 1.22 -1.65
19.5 1.2 -1.4999999999999996
19.549999999999997 1.18 -1.3499999999999996
19.6 1.16 -1.1999999999999993
19.650000000000002 1.14 -1.0499999999999994
19.7 1.12 -0.9000000000000008
19.75 1.1 -0.7500000000000007
19.8 1.08 -0.6000000000000005
19.849999999999998 1.06 -0.4500000000000004
19.900000000000002 1.04 -0.30000000000000027
19.95 1.02 -0.15000000000000013
20.0 1.0 -0.0
20.0 1.0 -0.0
19.95 1.01 0.15
19.900000000000002 1.02 0.3
19.849999999999998 1.03 0.44999999999999996
19.8 1.04 0.6
19.75 1.05 0.75
19.699999999999996 1.06 0.8999999999999999
19.65 1.0699999999999998 1.05
19.6 1.08 1.2
19.55 1.09 1.3499999999999999
19.5 1.1 1.5
19.45 1.11 1.65
19.400000000000002 1.12 1.7999999999999998
19.349999999999998 1.13 1.9500000000000002
19.3 1.1400000000000001 2.1
19.25 1.15 2.25
19.2 1.16 2.4
19.15 1.17 2.5500000000000003
19.1 1.1800000000000002 2.6999999999999997
19.050000000000004 1.19 2.85
19.0 1.2000000000000002 3.0
18.95 1.21 3.15
18.900000000000002 1.22 3.3
18.85 1.23 3.45
18.799999999999997 1.24 3.5999999999999996
18.75 1.25 3.75
18.700000000000003 1.26 3.9000000000000004
18.65 1.27 4.050000000000001
18.599999999999998 1.28 4.2
18.549999999999997 1.29 4.35
18.5 1.2999999999999998 4.5
18.45 1.31 4.65
18.4 1.3199999999999998 4.8
18.349999999999998 1.33 4.95
18.3 1.3399999999999999 5.1000000000000005
18.25 1.35 5.25
18.2 1.3599999999999999 5.3999999999999995
18.15 1.37 5.55
18.1 1.38 5.7
18.05 1.3900000000000001 5.8500000000000005
18.0 1.4 6.0
17.95 1.4100000000000001 6.1499999999999995
17.900000000000002 1.42 6.3
17.85 1.4300000000000002 6.45
17.8 1.44 6.6
17.75 1.4500000000000002 6.75
17.700000000000003 1.46 6.9
17.650000000000002 1.47 7.05
17.6 1.48 7.199999999999999
17.549999999999997 1.49 7.35
17.5 1.5 7.5
17.450000000000003 1.51 7.65
17.4 1.52 7.800000000000001
17.349999999999998 1.53 7.95
17.3 1.54 8.100000000000001
17.25 1.55 8.25
17.2 1.56 8.4
17.15 1.5699999999999998 8.549999999999999
17.1 1.58 8.7
17.05 1.5899999999999999 8.85
17.0 1.6 9.0
16.950000000000003 1.6099999999999999 9.15
16.9 1.62 9.3
16.85 1.63 9.45
16.799999999999997 1.6400000000000001 9.6
16.75 1.65 9.75
16.7 1.6600000000000001 9.9
16.65 1.67 10.05
16.6 1.6800000000000002 10.200000000000001
16.55 1.69 10.35
16.5 1.7 10.5
16.45 1.71 10.649999999999999
16.4 1.72 10.799999999999999
16.35 1.73 10.95
16.3 1.74 11.1
16.25 1.75 11.25
16.2 1.76 11.4
16.15 1.77 11.55
16.1 1.78 11.700000000000001
16.05 1.79 11.850000000000001
16.0 1.8 12.0
15.95 1.81 12.15
15.9 1.8199999999999998 12.299999999999999
15.85 1.83 12.45
15.8 1.8399999999999999 12.6
15.75 1.85 12.75
15.700000000000001 1.8599999999999999 12.9
15.65 1.87 13.05
15.6 1.88 13.2
15.549999999999999 1.8900000000000001 13.35
15.5 1.9 13.5
15.45 1.9100000000000001 13.65
15.4 1.92 13.8
15.35 1.9300000000000002 13.950000000000001
15.3 1.94 14.1
15.25 1.95 14.25
15.2 1.96 14.399999999999999
15.149999999999999 1.97 14.549999999999999
15.1 1.98 14.7
15.05 1.99 14.85
15.0 2.0 15.0
15.0 2.0 15.0
14.85 1.9949999999999999 15.049999999999999
14.7 1.99 15.1
14.549999999999999 1.9849999999999999 15.149999999999999
14.399999999999999 1.98 15.2
14.25 1.9749999999999999 15.25
14.1 1.97 15.299999999999999
13.95 1.9649999999999999 15.35
13.8 1.96 15.4
13.65 1.955 15.45
13.5 1.9500000000000002 15.5
13.35 1.945 15.55
13.2 1.94 15.6
13.05 1.935 15.65
12.9 1.93 15.700000000000001
12.75 1.9249999999999998 15.75
12.6 1.92 15.8
12.45 1.915 15.85
12.3 1.9100000000000001 15.9
12.15 1.9050000000000002 15.95
12.0 1.9000000000000001 16.0
11.850000000000001 1.895 16.05
11.700000000000001 1.8900000000000001 16.1
11.55 1.885 16.150000000000002
11.4 1.88 16.2
11.25 1.875 16.25
11.1 1.87 16.3
10.95 1.865 16.35
10.799999999999999 1.8599999999999999 16.4
10.649999999999999 1.855 16.45
10.5 1.8499999999999999 16.5
10.35 1.8449999999999998 16.55
10.2 1.8399999999999999 16.6
10.049999999999999 1.835 16.65
9.899999999999999 1.8299999999999998 16.7
9.75 1.825 16.75
9.6 1.82 16.799999999999997
9.45 1.815 16.85
9.3 1.81 16.9
9.15 1.805 16.950000000000003
9.0 1.8 17.0
8.850000000000001 1.7950000000000002 17.05
8.700000000000001 1.79 17.1
8.55 1.7850000000000001 17.15
8.4 1.7800000000000002 17.200000000000003
8.25 1.7750000000000001 17.25
8.100000000000001 1.77 17.300000000000004
7.95 1.7650000000000001 17.349999999999998
7.800000000000001 1.76 17.4
7.65 1.755 17.450000000000003
7.5 1.75 17.5
7.35 1.745 17.549999999999997
7.199999999999999 1.74 17.6
7.05 1.7349999999999999 17.650000000000002
6.8999999999999995 1.73 17.7
6.749999999999999 1.725 17.75
6.6 1.72 17.8
6.450000000000001 1.715 17.85
6.300000000000001 1.71 17.9
6.15 1.705 17.95
6.0 1.7 18.0
5.8500000000000005 1.695 18.05
5.7 1.69 18.1
5.55 1.685 18.15
5.3999999999999995 1.68 18.2
5.25 1.675 18.25
5.1 1.67 18.3
4.949999999999999 1.665 18.35
4.799999999999999 1.66 18.4
4.65 1.655 18.45
4.500000000000001 1.65 18.5
4.3500000000000005 1.645 18.55
4.2 1.6400000000000001 18.599999999999998
4.050000000000001 1.635 18.65
3.9000000000000004 1.63 18.700000000000003
3.75 1.625 18.75
3.5999999999999996 1.62 18.799999999999997
3.4499999999999997 1.615 18.85
3.3 1.6099999999999999 18.900000000000002
3.1499999999999995 1.605 18.95
2.999999999999999 1.6 19.0
2.849999999999999 1.595 19.05
2.7000000000000006 1.59 19.099999999999998
2.5500000000000007 1.585 19.15
2.4000000000000004 1.58 19.200000000000003
2.2500000000000004 1.575 19.25
2.1 1.57 19.3
1.9500000000000002 1.565 19.349999999999998
1.7999999999999998 1.56 19.400000000000002
1.65 1.555 19.45
1.4999999999999996 1.55 19.5
1.3499999999999996 1.545 19.549999999999997
1.1999999999999993 1.54 19.6
1.0499999999999994 1.535 19.650000000000002
0.9000000000000008 1.53 19.7
0.7500000000000007 1.525 19.75
0.6000000000000005 1.52 19.8
0.4500000000000004 1.5150000000000001 19.849999999999998
0.30000000000000027 1.51 19.900000000000002
0.15000000000000013 1.505 19.95
0.0 1.5 20.0
0.0 1.5 20.0
-0.15 1.5099999999999998 19.95
-0.3 1.52 19.900000000000002
-0.44999999999999996 1.53 19.849999999999998
-0.6 1.54 19.8
-0.75 1.5499999999999998 19.75
-0.8999999999999999 1.5599999999999998 19.699999999999996
-1.05 1.57 19.65
-1.2 1.58 19.6
-1.3499999999999999 1.5899999999999999 19.55
-1.5 1.6 19.5
-1.65 1.6099999999999999 19.45
-1.7999999999999998 1.62 19.400000000000002
-1.9500000000000002 1.63 19.349999999999998
-2.1 1.6400000000000001 19.3
-2.25 1.65 19.25
-2.4 1.6600000000000001 19.2
-2.5500000000000003 1.67 19.15
-2.6999999999999997 1.68 19.1
-2.85 1.69 19.050000000000004
-3.0 1.7000000000000002 19.0
-3.15 1.71 18.95
-3.3 1.72 18.900000000000002
-3.45 1.73 18.85
-3.5999999999999996 1.7400000000000002 18.799999999999997
-3.75 1.75 18.75
-3.9000000000000004 1.7599999999999998 18.700000000000003
-4.050000000000001 1.77 18.65
-4.2 1.7800000000000002 18.599999999999998
-4.35 1.79 18.549999999999997
-4.5 1.7999999999999998 18.5
-4.65 1.81 18.45
-4.8 1.82 18.4
-4.95 1.83 18.349999999999998
-5.1000000000000005 1.8399999999999999 18.3
-5.25 1.85 18.25
-5.3999999999999995 1.8599999999999999 18.2
-5.55 1.87 18.15
-5.7 1.88 18.1
-5.8500000000000005 1.8900000000000001 18.05
-6.0 1.9 18.0
-6.1499999999999995 1.9100000000000001 17.95
-6.3 1.9200000000000002 17.900000000000002
-6.45 1.9300000000000002 17.85
-6.6 1.9400000000000002 17.8
-6.75 1.9500000000000002 17.75
-6.9 1.9600000000000002 17.700000000000003
-7.05 1.9699999999999998 17.650000000000002
-7.199999999999999 1.98 17.6
-7.35 1.9900000000000002 17.549999999999997
-7.5 2.0 17.5
-7.65 2.01 17.450000000000003
-7.800000000000001 2.02 17.4
-7.95 2.0300000000000002 17.349999999999998
-8.100000000000001 2.04 17.3
-8.25 2.05 17.25
-8.4 2.06 17.2
-8.549999999999999 2.07 17.15
-8.7 2.08 17.1
-8.85 2.09 17.05
-9.0 2.1 17.0
-9.15 2.11 16.950000000000003
-9.3 2.12 16.9
-9.45 2.13 16.85
-9.6 2.14 16.799999999999997
-9.75 2.15 16.75
-9.9 2.16 16.7
-10.05 2.17 16.65
-10.200000000000001 2.18 16.6
-10.35 2.19 16.55
-10.5 2.2 16.5
-10.649999999999999 2.21 16.45
-10.799999999999999 2.2199999999999998 16.4
-10.95 2.23 16.35
-11.1 2.24 16.3
-11.25 2.25 16.25
-11.4 2.26 16.2
-11.55 2.27 16.15
-11.700000000000001 2.2800000000000002 16.1
-11.850000000000001 2.29 16.05
-12.0 2.3 16.0
-12.15 2.3100000000000005 15.95
-12.299999999999999 2.32 15.9
-12.45 2.3299999999999996 15.85
-12.6 2.3400000000000003 15.8
-12.75 2.35 15.75
-12.9 2.36 15.700000000000001
-13.05 2.3699999999999997 15.65
-13.2 2.3800000000000003 15.6
-13.35 2.39 15.549999999999999
-13.5 2.4 15.5
-13.65 2.4099999999999997 15.45
-13.8 2.4200000000000004 15.4
-13.950000000000001 2.43 15.35
-14.1 2.4399999999999995 15.3
-14.25 2.45 15.25
-14.399999999999999 2.46 15.2
-14.549999999999999 2.4699999999999998 15.149999999999999
-14.7 2.4800000000000004 15.1
-14.85 2.49 15.05
-15.0 2.5 15.0
-15.0 2.5 15.0
-15.049999999999999 2.485 14.85
-15.1 2.47 14.7
-15.149999999999999 2.4549999999999996 14.549999999999999
-15.2 2.44 14.399999999999999
-15.25 2.425 14.25
-15.299999999999999 2.4099999999999997 14.1
-15.35 2.3949999999999996 13.95
-15.4 2.3800000000000003 13.8
-15.45 2.3649999999999998 13.65
-15.5 2.35 13.5
-15.55 2.335 13.35
-15.6 2.3200000000000003 13.2
-15.65 2.3049999999999997 13.05
-15.700000000000001 2.29 12.9
-15.75 2.275 12.75
-15.8 2.2600000000000002 12.6
-15.85 2.2449999999999997 12.45
-15.9 2.2300000000000004 12.3
-15.95 2.2150000000000003 12.15
-16.0 2.2 12.0
-16.05 2.185 11.850000000000001
-16.1 2.1700000000000004 11.700000000000001
-16.150000000000002 2.1550000000000002 11.55
-16.2 2.1399999999999997 11.4
-16.25 2.125 11.25
-16.3 2.1100000000000003 11.1
-16.35 2.0949999999999998 10.95
-16.4 2.08 10.799999999999999
-16.45 2.065 10.649999999999999
-16.5 2.05 10.5
-16.55 2.0349999999999997 10.35
-16.6 2.0199999999999996 10.2
-16.65 2.005 10.049999999999999
-16.7 1.99 9.899999999999999
-16.75 1.975 9.75
-16.799999999999997 1.96 9.6
-16.85 1.9449999999999998 9.45
-16.9 1.9300000000000002 9.3
-16.950000000000003 1.915 9.15
-17.0 1.9 9.0
-17.05 1.885 8.850000000000001
-17.1 1.87 8.700000000000001
-17.15 1.8550000000000002 8.55
-17.200000000000003 1.84 8.4
-17.25 1.825 8.25
-17.300000000000004 1.81 8.100000000000001
-17.349999999999998 1.7950000000000002 7.95
-17.4 1.78 7.800000000000001
-17.450000000000003 1.765 7.65
-17.5 1.75 7.5
-17.549999999999997 1.735 7.35
-17.6 1.72 7.199999999999999
-17.650000000000002 1.7049999999999998 7.05
-17.7 1.69 6.8999999999999995
-17.75 1.675 6.749999999999999
-17.8 1.66 6.6
-17.85 1.645 6.450000000000001
-17.9 1.63 6.300000000000001
-17.95 1.6150000000000002 6.15
-18.0 1.6 6.0
-18.05 1.585 5.8500000000000005
-18.1 1.5699999999999998 5.7
-18.15 1.5550000000000002 5.55
-18.2 1.54 5.3999999999999995
-18.25 1.525 5.25
-18.3 1.5099999999999998 5.1
-18.35 1.495 4.949999999999999
-18.4 1.48 4.799999999999999
-18.45 1.465 4.65
-18.5 1.4500000000000002 4.500000000000001
-18.55 1.435 4.3500000000000005
-18.599999999999998 1.42 4.2
-18.65 1.405 4.050000000000001
-18.700000000000003 1.3900000000000001 3.9000000000000004
-18.75 1.375 3.75
-18.799999999999997 1.3599999999999999 3.5999999999999996
-18.85 1.345 3.4499999999999997
-18.900000000000002 1.33 3.3
-18.95 1.315 3.1499999999999995
-19.0 1.2999999999999998 2.999999999999999
-19.05 1.285 2.849999999999999
-19.099999999999998 1.27 2.7000000000000006
-19.15 1.2550000000000001 2.5500000000000007
-19.200000000000003 1.24 2.4000000000000004
-19.25 1.225 2.2500000000000004
-19.3 1.21 2.1
-19.349999999999998 1.195 1.9500000000000002
-19.400000000000002 1.18 1.7999999999999998
-19.45 1.165 1.65
-19.5 1.15 1.4999999999999996
-19.549999999999997 1.135 1.3499999999999996
-19.6 1.1199999999999999 1.1999999999999993
-19.650000000000002 1.105 1.0499999999999994
-19.7 1.09 0.9000000000000008
-19.75 1.0750000000000002 0.7500000000000007
-19.8 1.06 0.6000000000000005
-19.849999999999998 1.045 0.4500000000000004
-19.900000000000002 1.03 0.30000000000000027
-19.95 1.0150000000000001 0.15000000000000013
-20.0 1.0 -0.0
-20.0 1.0 -0.0
-19.900000000000002 1.005 -0.05
-19.8 1.01 -0.1
-19.7 1.015 -0.15
-19.599999999999998 1.02 -0.2
-19.5 1.025 -0.25
-19.4 1.03 -0.3
-19.299999999999997 1.035 -0.35000000000000003
-19.200000000000003 1.04 -0.4
-19.099999999999998 1.045 -0.44999999999999996
-19.0 1.05 -0.5
-18.900000000000002 1.055 -0.55
-18.8 1.06 -0.6
-18.7 1.065 -0.65
-18.599999999999998 1.07 -0.7000000000000001
-18.5 1.075 -0.75
-18.400000000000002 1.08 -0.8
-18.299999999999997 1.085 -0.8500000000000001
-18.200000000000003 1.09 -0.8999999999999999
-18.1 1.0950000000000002 -0.95
-18.0 1.1 -1.0
-17.900000000000002 1.105 -1.05
-17.8 1.11 -1.1
-17.7 1.115 -1.1500000000000001
-17.599999999999998 1.12 -1.2
-17.5 1.125 -1.25
-17.400000000000002 1.13 -1.3
-17.3 1.135 -1.35
-17.2 1.1400000000000001 -1.4000000000000001
-17.099999999999998 1.145 -1.45
-17.0 1.15 -1.5
-16.9 1.1549999999999998 -1.55
-16.799999999999997 1.16 -1.6
-16.7 1.165 -1.6500000000000001
-16.6 1.17 -1.7000000000000002
-16.5 1.1749999999999998 -1.75
-16.4 1.1800000000000002 -1.7999999999999998
-16.3 1.185 -1.85
-16.2 1.19 -1.9
-16.1 1.1949999999999998 -1.9500000000000002
-16.0 1.2000000000000002 -2.0
-15.9 1.205 -2.05
-15.8 1.21 -2.1
-15.700000000000003 1.215 -2.15
-15.600000000000001 1.2200000000000002 -2.2
-15.5 1.225 -2.25
-15.400000000000002 1.23 -2.3000000000000003
-15.3 1.2349999999999999 -2.3499999999999996
-15.2 1.24 -2.4
-15.1 1.245 -2.45
-15.0 1.25 -2.5
-14.9 1.255 -2.55
-14.8 1.26 -2.6
-14.7 1.2650000000000001 -2.6500000000000004
-14.6 1.27 -2.7
-14.5 1.275 -2.75
-14.399999999999999 1.28 -2.8000000000000003
-14.3 1.2850000000000001 -2.8499999999999996
-14.2 1.29 -2.9
-14.100000000000001 1.295 -2.9499999999999997
-14.0 1.2999999999999998 -3.0
-13.9 1.3050000000000002 -3.05
-13.8 1.31 -3.1
-13.7 1.315 -3.15
-13.6 1.3199999999999998 -3.2
-13.5 1.3250000000000002 -3.25
-13.399999999999999 1.33 -3.3000000000000003
-13.3 1.335 -3.35
-13.2 1.3399999999999999 -3.4000000000000004
-13.100000000000001 1.345 -3.4499999999999997
-13.0 1.3499999999999999 -3.5
-12.9 1.355 -3.55
-12.8 1.36 -3.5999999999999996
-12.7 1.365 -3.65
-12.600000000000001 1.3699999999999999 -3.7
-12.5 1.375 -3.75
-12.399999999999999 1.3800000000000001 -3.8
-12.3 1.385 -3.85
-12.2 1.39 -3.9000000000000004
-12.1 1.395 -3.95
-12.0 1.4000000000000001 -4.0
-11.9 1.405 -4.050000000000001
-11.8 1.4100000000000001 -4.1
-11.7 1.415 -4.1499999999999995
-11.600000000000001 1.42 -4.2
-11.5 1.4249999999999998 -4.25
-11.4 1.4300000000000002 -4.3
-11.299999999999999 1.435 -4.35
-11.200000000000001 1.44 -4.4
-11.1 1.4449999999999998 -4.45
-11.0 1.4500000000000002 -4.5
-10.899999999999999 1.455 -4.55
-10.8 1.46 -4.6000000000000005
-10.7 1.4649999999999999 -4.65
-10.6 1.47 -4.699999999999999
-10.5 1.4749999999999999 -4.75
-10.4 1.48 -4.8
-10.3 1.485 -4.85
-10.200000000000001 1.49 -4.9
-10.100000000000001 1.4949999999999999 -4.95
-10.0 1.5 -5.0
-10.0 1.5 -5.0
-9.9 1.515 -4.95
-9.8 1.53 -4.9
-9.7 1.5450000000000002 -4.85
-9.6 1.56 -4.8
-9.5 1.5749999999999997 -4.75
-9.399999999999999 1.5899999999999999 -4.699999999999999
-9.299999999999999 1.605 -4.6499999999999995
-9.200000000000001 1.62 -4.6000000000000005
-9.1 1.635 -4.55
-9.0 1.6500000000000001 -4.5
-8.9 1.665 -4.45
-8.8 1.6800000000000002 -4.4
-8.7 1.6949999999999998 -4.35
-8.6 1.71 -4.3
-8.5 1.7249999999999999 -4.25
-8.4 1.74 -4.2
-8.299999999999999 1.755 -4.1499999999999995
-8.200000000000001 1.77 -4.1000000000000005
-8.100000000000001 1.7850000000000001 -4.050000000000001
-8.0 1.8000000000000003 -4.0
-7.9 1.815 -3.95
-7.800000000000001 1.83 -3.9000000000000004
-7.7 1.8450000000000002 -3.85
-7.6 1.86 -3.8
-7.5 1.875 -3.75
-7.4 1.89 -3.7
-7.3 1.905 -3.65
-7.199999999999999 1.9200000000000002 -3.5999999999999996
-7.1 1.9349999999999998 -3.55
-7.0 1.9499999999999997 -3.5
-6.8999999999999995 1.9649999999999999 -3.4499999999999997
-6.799999999999999 1.98 -3.3999999999999995
-6.699999999999999 1.9949999999999999 -3.3499999999999996
-6.6 2.01 -3.3
-6.5 2.025 -3.25
-6.4 2.04 -3.2
-6.3 2.0549999999999997 -3.15
-6.2 2.0700000000000003 -3.1
-6.1 2.085 -3.05
-6.0 2.1 -3.0
-5.9 2.115 -2.95
-5.800000000000001 2.13 -2.9000000000000004
-5.700000000000001 2.145 -2.8500000000000005
-5.6000000000000005 2.16 -2.8000000000000003
-5.5 2.1750000000000003 -2.75
-5.4 2.1900000000000004 -2.7
-5.300000000000001 2.205 -2.6500000000000004
-5.2 2.2199999999999998 -2.6
-5.1 2.235 -2.55
-5.0 2.25 -2.5
-4.9 2.265 -2.45
-4.8 2.2800000000000002 -2.4
-4.699999999999999 2.295 -2.3499999999999996
-4.6 2.31 -2.3
-4.5 2.325 -2.25
-4.3999999999999995 2.34 -2.1999999999999997
-4.300000000000001 2.355 -2.1500000000000004
-4.2 2.37 -2.1
-4.1000000000000005 2.385 -2.0500000000000003
-4.0 2.4 -2.0
-3.9000000000000004 2.415 -1.9500000000000002
-3.8 2.4299999999999997 -1.9
-3.7 2.4450000000000003 -1.85
-3.5999999999999996 2.46 -1.7999999999999998
-3.5 2.475 -1.75
-3.3999999999999995 2.49 -1.6999999999999997
-3.3 2.5050000000000003 -1.65
-3.1999999999999993 2.52 -1.5999999999999996
-3.1000000000000005 2.535 -1.5500000000000003
-3.0000000000000004 2.55 -1.5000000000000002
-2.9000000000000004 2.565 -1.4500000000000002
-2.8000000000000003 2.58 -1.4000000000000001
-2.7 2.5949999999999998 -1.35
-2.6 2.61 -1.3
-2.5 2.625 -1.25
-2.4 2.64 -1.2
-2.3 2.6550000000000002 -1.15
-2.1999999999999997 2.67 -1.0999999999999999
-2.0999999999999996 2.685 -1.0499999999999998
-1.9999999999999996 2.7 -0.9999999999999998
-1.8999999999999995 2.715 -0.9499999999999997
-1.8000000000000005 2.73 -0.9000000000000002
-1.7000000000000004 2.7449999999999997 -0.8500000000000002
-1.6000000000000003 2.7600000000000002 -0.8000000000000002
-1.5000000000000002 2.775 -0.7500000000000001
-1.4000000000000001 2.79 -0.7000000000000001
-1.3 2.8049999999999997 -0.65
-1.2 2.8200000000000003 -0.6
-1.0999999999999999 2.835 -0.5499999999999999
-0.9999999999999998 2.85 -0.4999999999999999
-0.8999999999999997 2.8649999999999998 -0.44999999999999984
-0.7999999999999996 2.8800000000000003 -0.3999999999999998
-0.6999999999999995 2.895 -0.34999999999999976
-0.6000000000000005 2.91 -0.30000000000000027
-0.5000000000000004 2.925 -0.2500000000000002
-0.40000000000000036 2.94 -0.20000000000000018
-0.30000000000000027 2.955 -0.15000000000000013
-0.20000000000000018 2.9699999999999998 -0.10000000000000009
-0.10000000000000009 2.985 -0.050000000000000044
0.0 3.0 -0.0
